0,396
33,206
33,205
0,395
33,204
33,203
0,394
33,202
33,201
33,200
33,199
0,393
0,391
0,390
33,198
33,197
33,196
33,195
33,194
33,193
34,8
0,384
0,314
0,313
0,312
0,308
33,192
0,306
0,304
35,11
0,302
0,468
0,467
34,7
34,6
35,10
0,465
0,464
0,575
0,574
0,573
0,572
0,571
35,9
35,8
0,570
0,386
0,569
0,568
0,567
0,566
0,565
0,564
0,445
0,563
0,562
0,561
33,4
0,560
72,38
72,37
33,99
33,191
33,190
33,189
33,188
33,187
33,186
33,185
33,184
33,183
33,182
33,181
33,180
33,179
33,178
33,177
33,176
33,175
33,174
33,173
33,172
33,171
33,170
33,169
33,168
33,167
33,166
33,165
33,164
33,163
33,162
33,161
33,160
33,159
33,158
33,157
33,156
33,155
33,154
72,36
0,559
33,153
33,152
33,151
33,150
33,149
33,148
33,147
33,146
33,145
33,144
33,143
33,142
33,141
33,140
33,139
0,558
72,35
35,3
14,5
33,128
33,101
33,100
33,98
33,5
33,1
33,135
33,3
14,6
3,2
10,187
10,179
10,81
10,104
11,18
11,7
11,15
33,138
9,7
33,137
8,10
8,16
8,7
8,14
8,12
33,136
12,3
12,2
12,1
11,28
11,27
11,26
11,25
11,24
11,23
11,22
11,21
11,20
11,19
11,17
11,12
11,9
11,5
11,3
11,2
11,1
10,302
10,301
10,300
10,299
10,298
10,297
10,296
10,295
10,294
10,293
10,292
10,291
10,290
10,289
10,288
20,2
10,287
20,1
10,286
20,3
10,285
10,284
10,283
10,282
10,281
10,280
10,279
10,278
10,277
10,276
10,275
19,2
10,274
19,1
10,273
19,3
10,272
10,271
10,270
10,269
10,268
10,267
10,266
10,265
10,264
